Output for:

`X, assignment= make_blobs(n_samples=[21, 12, 12, 19], cluster_std=0.80, random_state=7)
km.fit(X)`

First array is the cluster assignment for each point. (A) [line 12]

Second array is the centroid coordinatees (B) [line 13]

Third array is an extra piece of output I implemented that returns all the datapoints with the centroids included. [lines 14 through the end]

[[1, 2, 1, 3, 1, 1, 1, 3, 1, 2, 3, 0, 1, 2, 1, 3, 0, 0, 3, 0, 2, 1, 1, 0, 0, 2, 0, 2, 1, 0, 3, 1, 0, 2, 1, 0, 0, 3, 1, 1, 0, 0, 2, 3, 1, 0, 0, 1, 2, 0, 3, 3, 0, 1, 1, 2, 2, 1, 3, 0, 0, 3, 2, 1],
[array([ 0.21062385, -8.50070471]), array([-8.49163435,  5.41456247]), array([9.80765643, 0.90818138]), array([-1.2469654,  4.3187159])],
array([[ -9.84050558,   4.15589692],
       [  9.82536961,   1.35793868],
       [ -8.47454652,   4.1945964 ],
       [ -2.37978614,   4.87060286],
       [ -8.06959471,   5.38929071],
       [ -7.63431697,   5.26519639],
       [ -7.65970781,   6.07877466],
       [ -1.31150388,   5.82893339],
       [ -7.80124762,   5.45438672],
       [ 10.0835548 ,   1.48539925],
       [ -1.15066818,   4.67136575],
       [ -0.49607496,  -7.16091554],
       [ -7.15327446,   5.72184427],
       [  9.40296839,   0.29730155],
       [ -8.51014304,   4.43783289],
       [ -1.52687015,   2.94420765],
       [ -0.66918272,  -8.25948105],
       [  1.1637862 ,  -8.43350215],
       [ -1.33771713,   4.22172248],
       [ -0.25128435,  -8.93651865],
       [ 10.78345395,   1.30545196],
       [ -8.97417739,   5.46113724],
       [ -9.79469468,   6.02671933],
       [  0.79376966,  -8.33206819],
       [  1.39659331,  -8.92547877],
       [  9.32002125,   1.80742556],
       [ -0.28989991,  -9.23571544],
       [  9.40550587,  -0.65249287],
       [ -8.7980165 ,   3.76772376],
       [  0.86716791,  -8.10627134],
       [ -1.53855387,   3.75741807],
       [ -8.25426627,   4.37715622],
       [  1.83036686,  -7.86374587],
       [  9.99878634,   1.3112206 ],
       [ -8.03016996,   5.69748057],
       [ -0.47112829,  -8.84880312],
       [ -0.20797782,  -8.31913065],
       [ -1.01628607,   4.04961986],
       [ -8.0193847 ,   4.99610609],
       [ -8.16733673,   7.39645189],
       [ -0.3943686 ,  -8.39119969],
       [ -0.96440988,  -8.41265677],
       [ 10.76244506,   0.59973103],
       [  0.29779972,   4.65914503],
       [ -9.43721009,   6.76795635],
       [  0.33564583,  -9.71347466],
       [  0.53209954,  -8.45447895],
       [ -8.78354617,   7.22163362],
       [  9.64670894,   1.92050902],
       [  0.04020506,  -8.90223221],
       [ -0.03370408,   4.24319537],
       [ -1.30763573,   5.42377229],
       [  0.41330961,  -8.26922533],
       [ -7.06090551,   5.33484484],
       [ -9.06787703,   6.45635195],
       [  9.54999649,   0.70938664],
       [  9.02087409,   0.72522345],
       [-10.12536606,   5.06864837],
       [ -2.18668891,   3.62929011],
       [  0.41147743,  -9.01455515],
       [ -0.03824182,  -7.93393588],
       [ -1.47197036,   3.52531788],
       [  9.89219233,   0.03108168],
       [ -8.66803348,   4.43578271]])]